[gd_scene load_steps=8 format=2]

[ext_resource path="res://media/textures/PNG (Black background)/circle_03.png" type="Texture" id=1]

[sub_resource type="SpatialMaterial" id=1]
albedo_color = Color( 0.184314, 0.184314, 0.184314, 1 )

[sub_resource type="CubeMesh" id=2]
material = SubResource( 1 )
size = Vector3( 0.09, 0.05, 0.6 )

[sub_resource type="SpatialMaterial" id=3]
flags_disable_ambient_light = true
albedo_color = Color( 0.435294, 0.435294, 0.435294, 1 )
metallic_specular = 0.0
normal_enabled = true
normal_scale = 1.0
normal_texture = ExtResource( 1 )
uv1_scale = Vector3( 2, 2, 2 )

[sub_resource type="CylinderMesh" id=4]
material = SubResource( 3 )
top_radius = 0.1
bottom_radius = 0.2
height = 0.04

[sub_resource type="SpatialMaterial" id=5]
albedo_color = Color( 0.403922, 0.403922, 0.403922, 1 )

[sub_resource type="CubeMesh" id=6]
material = SubResource( 5 )
size = Vector3( 0.1, 0.01, 0.1 )

[node name="buzzsaw_model" type="CSGMesh"]
transform = Transform( -1.2, 0, -1.04907e-07, 0, 1.2, 0, 1.04907e-07, 0, -1.2, 0, 0, 0 )
mesh = SubResource( 2 )

[node name="blade" type="CSGMesh" parent="."]
transform = Transform( 1, 0, 3.49691e-07, 0, 1, 0, -3.49691e-07, 0, 1, 0, 0.0594381, 0.375599 )
mesh = SubResource( 4 )

[node name="CSGMesh" type="CSGMesh" parent="blade"]
transform = Transform( 0.777223, 0, -0.629225, 0, 1, 0, 0.629225, 0, 0.777223, 0, -0.0101871, 0.150755 )
mesh = SubResource( 6 )

[node name="CSGMesh2" type="CSGMesh" parent="blade"]
transform = Transform( 0.777223, 0, -0.629225, 0, 1, 0, 0.629225, 0, 0.777223, 0, -0.0101871, -0.157155 )
mesh = SubResource( 6 )

[node name="CSGMesh3" type="CSGMesh" parent="blade"]
transform = Transform( 0.777223, 0, -0.629225, 0, 1, 0, 0.629225, 0, 0.777223, 0.157642, -0.0101871, 0.00120065 )
mesh = SubResource( 6 )

[node name="CSGMesh4" type="CSGMesh" parent="blade"]
transform = Transform( 0.777223, 0, -0.629225, 0, 1, 0, 0.629225, 0, 0.777223, -0.163887, -0.0101871, 0.00120065 )
mesh = SubResource( 6 )
